2.0674729347229004
3.0207972526550293
4.383630275726318
5.635298490524292
6.1954345703125
7.3987040519714355
8.728734731674194
9.161093950271606
10.258928060531616
11.043933153152466
12.00389552116394
13.845911026000977
14.983821868896484
15.813371896743774
15.474069833755493
16.304970741271973
18.511414527893066
19.240959882736206
21.026105403900146
20.56562304496765
21.770235538482666
22.513925313949585
23.487772226333618
23.88206934928894
24.169915199279785
25.955745458602905
26.124738693237305
28.39595675468445
28.84736204147339
30.142799615859985
30.4790096282959
30.44218397140503
32.28904366493225
32.8639030456543
34.02384924888611
34.922831535339355
34.04843330383301
37.009416341781616
36.85560703277588
37.05730724334717
38.856974363327026
39.348997831344604
39.78713870048523
39.70449995994568
40.98136043548584
41.904906034469604
43.4890673160553
43.80700373649597
44.33803343772888
45.23763394355774
45.84051251411438
46.8091676235199
47.32836961746216
49.38487935066223
49.46423149108887
50.39362812042236
50.97201323509216
51.51199436187744
52.38844084739685
52.02464985847473
53.45742630958557
54.81273031234741
54.18557143211365
56.042829751968384
57.09600257873535
56.35695719718933
57.0658917427063
58.90056562423706
59.132625341415405
60.94144296646118
62.3779194355011
61.628363847732544
62.74770450592041
62.70122027397156
64.2552592754364
65.32788324356079
65.45327043533325
67.28358626365662
67.2086534500122
68.05574750900269
69.50966477394104
70.31782603263855
70.32141160964966
70.41734051704407
71.18154978752136
73.98703479766846
74.7279725074768
75.38940119743347
76.56635737419128
77.41651701927185
76.50289177894592
76.49246406555176
79.03529024124146
79.41423964500427
80.30496263504028
80.4266607761383
81.86053442955017
82.96534824371338
84.52061009407043
84.3725802898407
