2.255863666534424
3.548750162124634
4.8778908252716064
6.258618593215942
7.759593963623047
8.952125072479248
9.710082769393921
11.261464595794678
12.67270565032959
13.65953803062439
15.611145973205566
16.578269720077515
17.21319603919983
19.364929914474487
20.368731021881104
21.084789752960205
22.65605401992798
24.295125484466553
23.972527265548706
26.28199791908264
26.80859899520874
28.783395290374756
29.984565019607544
30.872461795806885
32.51767563819885
32.69271969795227
35.239556312561035
35.35046362876892
37.77016997337341
38.0327513217926
38.68704390525818
40.9310405254364
40.987849712371826
42.046117305755615
42.80696773529053
44.17020130157471
45.22279238700867
47.674625635147095
48.94020891189575
47.62411403656006
50.55653357505798
49.92747235298157
52.367355823516846
54.152639389038086
54.52174782752991
54.12910079956055
56.73034977912903
59.36584258079529
60.455774784088135
60.61661624908447
