2.5624773502349854
3.518279552459717
3.646416664123535
5.6784443855285645
6.479318380355835
7.063534736633301
9.496470928192139
8.628187656402588
10.685493230819702
10.593554258346558
11.690781831741333
13.193042039871216
13.573332786560059
14.5582857131958
16.22281289100647
16.344990015029907
17.58596134185791
18.535661458969116
20.152257680892944
19.78453803062439
20.61495089530945
21.91042709350586
23.670050859451294
24.657737970352173
24.89638900756836
25.190101623535156
26.22048544883728
27.138169765472412
28.2018883228302
28.888383388519287
30.08603596687317
31.08156180381775
31.4493350982666
32.66633200645447
34.59938716888428
33.67611050605774
35.34059453010559
34.68297052383423
36.90587496757507
35.243654012680054
44.337265729904175
40.842517137527466
40.65469002723694
40.19367814064026
39.69620370864868
39.5691704750061
43.13061809539795
41.79922795295715
44.96263933181763
45.580902338027954
45.176114559173584
47.31669998168945
46.01818776130676
45.80985760688782
46.82808041572571
48.82672715187073
49.30324387550354
49.021929025650024
55.14969086647034
54.28493690490723
54.82375979423523
53.581889629364014
56.19969844818115
57.79826521873474
60.12992334365845
57.942132234573364
56.66945195198059
57.936010122299194
56.675856590270996
60.05341076850891
60.269052028656006
59.49572944641113
60.69560122489929
60.414977073669434
62.300220012664795
61.99197196960449
64.6060426235199
64.77080655097961
65.52722573280334
64.8596339225769
66.95224809646606
66.96907687187195
68.8549313545227
69.18439865112305
70.00301337242126
69.5217056274414
70.55071377754211
70.31191182136536
70.66031002998352
71.78636050224304
74.28535294532776
74.64992499351501
74.40628719329834
75.55319428443909
76.26945519447327
79.49776935577393
80.84790682792664
94.58501434326172
96.86093258857727
100.1588544845581
