3.1854424476623535
4.486726522445679
6.094350576400757
7.701467037200928
9.664544820785522
10.918870210647583
11.443870782852173
12.404790878295898
15.38985276222229
17.53999662399292
17.187381982803345
19.65030288696289
21.51008176803589
22.452290058135986
24.946230173110962
24.99202823638916
27.509966135025024
29.15244483947754
31.0527446269989
31.52953028678894
32.024747371673584
36.407198905944824
33.22103452682495
37.26885223388672
40.31029772758484
41.17144727706909
38.87813353538513
37.74390983581543
39.727609395980835
41.85051465034485
41.49995517730713
45.33917951583862
62.826663970947266
62.70612454414368
45.72792887687683
47.26991057395935
49.03612565994263
49.8184609413147
54.2719087600708
52.710633993148804
52.84996724128723
54.604023933410645
55.93379855155945
59.51782178878784
65.51405310630798
65.69235491752625
67.8529326915741
63.225382804870605
64.01571130752563
67.5775797367096
