2.241716146469116
3.0670249462127686
3.655334949493408
4.876068592071533
6.425666809082031
7.032569646835327
8.483609914779663
8.616171598434448
13.102283477783203
11.486311674118042
12.790266275405884
12.55499529838562
13.123391151428223
13.969045639038086
15.513829708099365
17.08081817626953
21.463200330734253
22.129114151000977
20.166942358016968
20.639970779418945
20.878732442855835
21.392650365829468
21.743191480636597
23.028520822525024
23.98535943031311
24.387393951416016
24.509849548339844
26.41934847831726
26.751626014709473
28.245037078857422
28.016578912734985
29.520456790924072
29.08833932876587
31.33659052848816
34.75752830505371
33.80217790603638
35.60447645187378
36.52507257461548
33.27285861968994
35.96472525596619
35.143516540527344
37.42609786987305
40.18218994140625
43.740946769714355
43.48155999183655
42.646960496902466
44.3448748588562
44.716628074645996
43.393858671188354
43.89688587188721
44.39889478683472
48.882728099823
48.78350615501404
47.95635771751404
50.22152638435364
51.680413484573364
52.38293504714966
59.213221073150635
54.53205347061157
54.69134473800659
58.10592341423035
54.770514249801636
55.78799629211426
56.656617164611816
57.84826302528381
57.91826629638672
59.64481973648071
70.06703495979309
66.30798745155334
63.759196281433105
62.9030876159668
62.96519899368286
61.80476379394531
62.88860774040222
63.9588725566864
63.8077027797699
66.02606344223022
67.98111176490784
69.70426726341248
67.4866406917572
70.91036057472229
69.01610684394836
68.57088565826416
67.61148071289062
67.75115752220154
70.70027279853821
72.69582509994507
70.91629457473755
90.10200023651123
69.60630798339844
74.0511212348938
77.20044255256653
73.967276096344
78.5118134021759
78.610435962677
80.8108012676239
78.65009617805481
78.59138512611389
81.15237212181091
82.56237363815308
