2.4806125164031982
3.7542455196380615
4.889019727706909
6.683145523071289
7.6540608406066895
9.20564317703247
10.241475105285645
11.479753494262695
12.393837928771973
13.79541540145874
15.150078296661377
15.7745521068573
17.246789693832397
17.958940267562866
19.449973344802856
19.93207812309265
22.34029984474182
22.982483863830566
23.894657373428345
26.088248252868652
26.346046686172485
27.861177444458008
29.7898530960083
30.51009702682495
34.815211057662964
37.29123139381409
37.09533500671387
33.237743616104126
35.74514365196228
35.41850519180298
36.62763857841492
36.99358081817627
37.952836990356445
39.583359479904175
39.42251658439636
41.57818818092346
42.33476758003235
43.63339376449585
47.77791094779968
49.49219608306885
46.65674138069153
48.82511854171753
48.43607568740845
51.81374788284302
55.36666774749756
56.30102729797363
55.44364261627197
57.143898725509644
66.18171977996826
61.75129580497742
