2.2950820922851562
3.6205387115478516
4.561943054199219
6.082992076873779
7.304142475128174
8.548002243041992
10.485430717468262
10.63544774055481
12.901572942733765
13.012352705001831
14.500852823257446
16.119425058364868
17.02389407157898
18.390460729599
20.047382593154907
21.032607793807983
21.84479308128357
23.13963532447815
25.12637996673584
25.04923915863037
25.832764863967896
27.554967641830444
28.168424367904663
30.145405292510986
30.58854055404663
31.214517831802368
32.387394428253174
34.162214040756226
35.12144088745117
35.791261196136475
37.06765675544739
38.83614683151245
38.78707790374756
40.514663219451904
42.49892973899841
42.44447088241577
44.43869996070862
44.56849789619446
45.27943301200867
45.85584855079651
47.34522008895874
49.42401123046875
49.352579832077026
51.79228448867798
51.478792905807495
52.923041105270386
54.84834098815918
55.21508073806763
55.49960708618164
57.5274555683136
57.163310050964355
60.21742343902588
62.3016037940979
61.11464238166809
62.5141441822052
64.12690258026123
64.461012840271
64.41849517822266
68.3802740573883
67.65566182136536
68.0357985496521
69.32946228981018
69.9950053691864
71.699059009552
73.17786455154419
73.83326721191406
75.68477845191956
76.33535528182983
76.65221977233887
79.49509072303772
80.42880916595459
80.10733556747437
81.48779582977295
81.84659075737
84.8258924484253
84.39008021354675
86.32810497283936
87.92933368682861
88.04928827285767
87.40584135055542
90.26745796203613
90.88209509849548
92.32848191261292
93.39947271347046
93.68569374084473
93.93927836418152
96.1988365650177
95.07003951072693
95.97968816757202
97.64265704154968
99.87456893920898
100.62563180923462
101.59928131103516
102.4793291091919
103.48942947387695
105.28281855583191
104.48403453826904
105.72591185569763
107.17575597763062
110.03740930557251
