2.895698070526123
4.712789297103882
6.641021251678467
8.614795923233032
10.271357297897339
12.723016262054443
14.382312297821045
16.19964051246643
17.181004524230957
19.38848328590393
21.61518168449402
22.775049924850464
24.232319831848145
26.007529497146606
28.201435089111328
29.949726343154907
32.82792353630066
33.559651136398315
35.142380714416504
35.963364362716675
37.85042142868042
40.58123540878296
40.74872303009033
43.78172993659973
44.385950803756714
46.344176054000854
47.49129676818848
49.33781170845032
50.65734648704529
52.508612871170044
54.438294649124146
55.871604919433594
57.30658197402954
59.39916253089905
59.83131217956543
63.175453662872314
63.68699789047241
66.09614944458008
68.49563026428223
68.81122303009033
69.7113869190216
72.80087566375732
73.3728415966034
75.32845377922058
77.0686686038971
79.79817008972168
80.06428027153015
81.02977585792542
83.84637498855591
85.97343158721924
