2.5299816131591797
3.6899733543395996
4.186229228973389
5.787538528442383
6.398068189620972
6.51459813117981
8.290642023086548
8.318204879760742
10.216660737991333
10.147153854370117
11.419308423995972
13.181371927261353
13.193219661712646
13.877825021743774
15.543339490890503
16.213186025619507
17.03723978996277
17.84557795524597
20.59265422821045
19.4999840259552
20.51878833770752
21.27072048187256
21.243345022201538
22.76159644126892
22.953057527542114
24.248708248138428
25.25820255279541
25.69200611114502
26.302215576171875
27.175654649734497
27.96843981742859
28.935354232788086
29.260324001312256
31.17712926864624
31.4457049369812
30.9536714553833
32.55985474586487
32.402185916900635
32.81983017921448
34.70400261878967
35.75626015663147
36.500468254089355
36.37578988075256
38.15071702003479
37.57874059677124
38.66337823867798
40.500425577163696
41.203611612319946
43.11616230010986
43.935693979263306
43.09808850288391
45.08311319351196
44.673922538757324
44.14633512496948
47.67541217803955
48.11874079704285
46.80134296417236
49.23163866996765
50.490928649902344
49.75897789001465
50.19191837310791
52.54593825340271
51.2039897441864
52.16039443016052
52.97394013404846
53.35517954826355
55.7814257144928
57.7672324180603
56.55448031425476
60.980340242385864
61.86350464820862
58.36494207382202
61.05893015861511
62.74575400352478
64.67169952392578
63.93148970603943
65.5217137336731
67.27660369873047
65.42674469947815
66.14634370803833
68.13152980804443
67.45136952400208
70.25762701034546
70.17665767669678
67.77323484420776
68.08228492736816
68.90072011947632
68.57579231262207
69.97968077659607
70.3632459640503
73.21662998199463
73.81514954566956
74.50060820579529
74.34158444404602
75.14964723587036
76.73740792274475
74.96982765197754
74.8359899520874
76.28163766860962
77.75732088088989
