2.2520737648010254
3.925445079803467
5.247424125671387
6.020693778991699
7.750452756881714
8.950899124145508
10.19108510017395
10.969439029693604
11.995364427566528
13.520905017852783
14.796325206756592
15.721508264541626
16.53374147415161
17.724467992782593
20.044193029403687
19.829036474227905
22.49493384361267
23.603382110595703
24.846311569213867
25.18675947189331
25.871747493743896
27.266875743865967
27.731138944625854
29.88702368736267
30.01150941848755
32.27604269981384
32.891212940216064
34.945282220840454
34.38363027572632
36.32973313331604
36.64264917373657
37.13277769088745
38.10985517501831
39.57455086708069
38.85767102241516
41.533764123916626
42.03736186027527
44.29101538658142
45.60249304771423
45.80590748786926
46.920522928237915
48.719979763031006
49.744707107543945
52.57100033760071
55.11985230445862
55.464505434036255
53.836278438568115
53.309043169021606
56.24593734741211
56.90122652053833
