2.4322566986083984
2.153249740600586
2.7812416553497314
2.6604175567626953
2.4439446926116943
2.6898608207702637
2.8770697116851807
3.152122974395752
3.289323568344116
3.555842399597168
4.18642783164978
3.7846410274505615
4.224900007247925
4.267143726348877
4.588311195373535
4.538342237472534
4.931710720062256
4.883866548538208
5.097326755523682
5.24685263633728
5.906472206115723
5.692478179931641
5.975122690200806
6.268163442611694
6.426654815673828
6.658858776092529
7.149998188018799
7.315956354141235
7.482759237289429
7.392104625701904
7.734684944152832
7.664630889892578
8.111676692962646
8.545010089874268
9.001465559005737
8.71096396446228
8.4297776222229
8.70475697517395
8.878902196884155
9.538891792297363
9.937349081039429
9.459502935409546
9.664962530136108
9.735941410064697
10.299011707305908
10.646604537963867
11.276916742324829
10.533015727996826
10.871110439300537
10.860404253005981
11.086103677749634
11.681047439575195
11.669152975082397
12.35697340965271
12.31586480140686
13.256043434143066
12.60934567451477
12.935362100601196
12.661643743515015
12.85109281539917
12.907951354980469
13.056982517242432
13.335733413696289
13.458441972732544
13.58219051361084
13.915331602096558
13.946740865707397
14.251811027526855
14.516779661178589
14.693628549575806
14.900896787643433
15.076737403869629
15.361093997955322
15.668721199035645
15.840686321258545
16.71025848388672
16.238675594329834
16.0513973236084
16.454747676849365
16.28544044494629
16.558966875076294
17.13459849357605
17.048108339309692
17.127424955368042
17.422764778137207
17.529746532440186
17.747393369674683
17.942235469818115
18.15093159675598
18.362411975860596
18.372336864471436
18.52416491508484
18.570077419281006
18.948793649673462
19.179076671600342
19.258859395980835
19.592711687088013
20.06709098815918
19.90505027770996
20.062259912490845
