1.8061087131500244
1.9210090637207031
2.1468122005462646
2.3157756328582764
2.4931674003601074
2.670544385910034
2.8811354637145996
3.1126177310943604
3.311213254928589
3.5546817779541016
3.6824755668640137
3.837702989578247
4.020235061645508
4.295767784118652
4.464416027069092
4.6359593868255615
5.08638334274292
5.007822275161743
5.25261378288269
5.492360591888428
5.656913995742798
5.87330961227417
6.02332878112793
6.58842134475708
6.377816677093506
6.684215545654297
6.765453100204468
7.295309782028198
7.214917898178101
7.4693474769592285
7.6456990242004395
7.805224418640137
7.9739015102386475
8.180145978927612
8.425995588302612
8.539463996887207
8.80727481842041
9.053212404251099
9.122194051742554
9.370982646942139
9.54910397529602
9.659326314926147
9.968007326126099
10.828886985778809
10.431635856628418
10.487533569335938
10.756536483764648
10.955233097076416
11.212634563446045
11.345213413238525
