3.486861228942871
3.9726569652557373
5.010791301727295
7.147931337356567
8.437070846557617
8.80362868309021
10.268341541290283
11.327730178833008
13.273253679275513
13.388705968856812
14.710242748260498
16.647252082824707
17.376537084579468
18.52964735031128
20.912432432174683
20.581512928009033
21.987594604492188
23.032302856445312
25.16302752494812
25.0977520942688
26.04978847503662
27.346251010894775
27.999401092529297
30.344095468521118
30.841527700424194
31.502538919448853
32.05986738204956
33.068488121032715
34.360564947128296
35.5237078666687
36.953452587127686
37.854610204696655
38.68406939506531
39.88021945953369
42.017491579055786
42.06235480308533
44.28281235694885
43.90208697319031
47.33832931518555
48.06951642036438
49.35708475112915
51.167959213256836
51.44900298118591
55.57529067993164
54.45696806907654
57.75719118118286
58.012985706329346
58.98838806152344
58.93247938156128
61.248642921447754
61.293286085128784
62.42967748641968
63.09273076057434
63.0034294128418
92.51225781440735
85.97457218170166
66.2375979423523
65.23928117752075
66.38715958595276
66.49236035346985
68.30459213256836
69.70217037200928
68.69389033317566
72.99451208114624
70.86953163146973
71.27877926826477
72.93694972991943
74.9494514465332
74.75552678108215
78.25243854522705
86.74769592285156
85.99533438682556
85.65261268615723
87.2887601852417
88.69963645935059
87.44570994377136
92.25829887390137
94.01740145683289
92.85066318511963
91.37028789520264
94.20821452140808
98.46160435676575
97.35226011276245
98.53770422935486
98.78617644309998
93.19212317466736
98.83466839790344
96.25896406173706
95.2831563949585
96.84692311286926
98.8716893196106
104.64062285423279
116.81588888168335
116.88719487190247
119.56615829467773
137.65456533432007
144.13049244880676
139.69466400146484
146.08519196510315
122.83996868133545
