3.2293992042541504
5.468003511428833
7.020488977432251
9.264194011688232
11.080021381378174
13.392568826675415
15.692943334579468
18.016437530517578
18.58603262901306
21.03324842453003
22.11943221092224
23.096707820892334
25.102195978164673
26.36995768547058
28.41384983062744
29.853484630584717
32.68525791168213
34.69379544258118
36.29498863220215
36.993982553482056
38.394224882125854
40.68510556221008
41.19722390174866
44.5365149974823
45.25934386253357
47.346086740493774
50.16521954536438
51.071574449539185
52.09243035316467
55.31007194519043
55.47946119308472
56.68368363380432
59.34050440788269
60.653412103652954
61.21153450012207
64.4695816040039
64.35465049743652
65.77538919448853
68.4394040107727
68.55156946182251
69.51397776603699
72.93799352645874
72.90332865715027
75.31645107269287
77.7137987613678
78.5690279006958
79.96351718902588
80.70631790161133
84.46456933021545
85.65284371376038
