1.8299157619476318
2.7603588104248047
3.0203776359558105
4.41865348815918
5.231833219528198
6.383573293685913
6.763247489929199
7.098132133483887
8.966200351715088
8.596635103225708
9.68244194984436
10.7796950340271
11.064049482345581
11.918500423431396
13.351327896118164
13.557021617889404
14.57994294166565
15.272700071334839
16.869715213775635
16.045698881149292
17.109504461288452
17.54922103881836
17.941092252731323
19.605262756347656
19.69170880317688
18.82546591758728
20.211676836013794
20.537059545516968
21.995365381240845
22.662346124649048
22.690996170043945
23.70699667930603
23.41340184211731
24.704249620437622
26.553327322006226
25.801771640777588
27.37889552116394
26.76030707359314
26.88435196876526
27.19188356399536
27.797420978546143
30.375068187713623
29.307451248168945
31.05504608154297
30.23421001434326
30.831544637680054
32.663583755493164
32.83477449417114
32.646201610565186
34.594852685928345
33.226789712905884
35.805532693862915
37.176955461502075
35.56924915313721
37.544257164001465
37.625205993652344
36.84591364860535
37.05539512634277
39.99601650238037
38.69593143463135
39.62191987037659
39.803001403808594
40.45570921897888
41.53874731063843
42.5777542591095
42.85405421257019
44.00120186805725
44.45739817619324
43.71612286567688
46.90110373497009
47.02767038345337
45.976470947265625
46.754292249679565
46.01768350601196
49.290568351745605
47.816479444503784
50.26443409919739
50.217905044555664
50.80961298942566
49.50703549385071
52.41473650932312
51.069297790527344
53.417012453079224
53.00511693954468
53.19749641418457
52.584059715270996
53.47790598869324
53.21037006378174
53.76777672767639
54.73131585121155
56.090044021606445
56.473832845687866
56.282225370407104
57.436326026916504
57.25369048118591
58.76937007904053
57.67159128189087
57.94639539718628
59.371564626693726
60.51497483253479
