2.0013539791107178
3.0197408199310303
4.123512268066406
5.100184917449951
6.24437141418457
7.4101722240448
8.312573432922363
9.139319896697998
9.896393060684204
11.203982591629028
12.246691942214966
12.756565570831299
13.420105457305908
14.465784311294556
16.303778409957886
15.938964605331421
17.938923358917236
18.452407598495483
19.057738542556763
19.620875597000122
20.986414432525635
21.57366633415222
21.19333052635193
23.946312189102173
23.49020552635193
24.90133047103882
25.352818965911865
25.6094651222229
26.844158411026
28.36898899078369
29.29652714729309
28.93034291267395
29.807913780212402
30.846565008163452
29.432438850402832
32.25491261482239
32.91701889038086
34.289119243621826
35.97393321990967
34.94822835922241
34.78990983963013
36.96601676940918
37.03977179527283
38.308027267456055
39.652392864227295
40.30629515647888
40.07605314254761
40.899439096450806
43.88455104827881
43.76747393608093
