2.332528829574585
3.660529136657715
4.477687835693359
6.1239705085754395
7.534750461578369
8.505501747131348
10.150036334991455
10.661229848861694
13.275368452072144
13.005602359771729
14.507174253463745
16.263941764831543
17.92850613594055
18.022169828414917
20.503332376480103
20.80150866508484
22.584683418273926
23.34829044342041
25.037285566329956
25.0699360370636
26.399617671966553
27.63325548171997
28.39860963821411
30.246610164642334
30.565573930740356
31.175326585769653
32.74534773826599
33.75708985328674
35.10269570350647
36.03752017021179
37.04424333572388
38.45874738693237
39.32928395271301
40.42713522911072
42.60921835899353
42.39589595794678
44.53655409812927
44.68163251876831
45.17425298690796
45.84027910232544
47.57099938392639
49.53458070755005
49.64664840698242
51.68669080734253
51.77030110359192
52.4756498336792
54.903263568878174
55.34466099739075
55.86083960533142
57.940468311309814
57.268330097198486
60.17106580734253
61.39304757118225
60.67264938354492
62.46202731132507
64.26328706741333
64.41916227340698
64.91831159591675
67.54007363319397
67.90151786804199
68.59878063201904
69.60729789733887
70.68298816680908
71.77020382881165
73.59040379524231
74.18590426445007
75.58309268951416
77.39285898208618
76.3846001625061
80.2917640209198
80.51120972633362
80.3068425655365
81.38110065460205
82.26069021224976
84.41044759750366
84.83403468132019
87.22424221038818
87.3020269870758
88.35538053512573
87.8644757270813
90.99228048324585
90.3485586643219
92.68091654777527
95.54069638252258
99.06207156181335
100.02967023849487
107.8223135471344
103.76935911178589
105.71228432655334
117.91666007041931
122.68716812133789
119.37806224822998
118.65049028396606
112.54280662536621
114.20018362998962
116.01684594154358
115.90832686424255
117.45166683197021
121.00747179985046
121.27983140945435
