3.101619243621826
5.412383079528809
7.74706506729126
10.152239799499512
11.633342981338501
13.996714353561401
15.806608438491821
17.583689212799072
21.52366352081299
21.715784072875977
23.9840350151062
27.12902307510376
27.04426336288452
30.131205081939697
31.44079279899597
32.26950740814209
37.232208490371704
37.250155210494995
40.230844020843506
40.447601079940796
44.05773448944092
47.84619498252869
51.74627757072449
53.652000427246094
55.42899012565613
54.65402913093567
54.99550771713257
59.707343101501465
57.7359824180603
63.0423104763031
66.21785569190979
66.72122383117676
69.56653428077698
72.13638067245483
67.1451690196991
73.16255259513855
71.59310817718506
73.81048655509949
76.33990287780762
77.12404155731201
78.35519886016846
81.76684546470642
82.8297393321991
85.05889463424683
87.7238278388977
89.702467918396
91.246910572052
90.21863460540771
94.1586582660675
100.59125328063965
