4.187958240509033
3.41223406791687
4.661106586456299
4.868428468704224
5.927213191986084
7.169771909713745
8.394884824752808
9.188302516937256
9.895994901657104
9.783132553100586
11.2230966091156
11.456489562988281
12.981975317001343
12.677685499191284
13.628380060195923
14.055238723754883
16.076042413711548
16.255658388137817
16.700708150863647
18.949092864990234
19.583003044128418
19.532232999801636
19.320438146591187
21.10983395576477
20.759670734405518
21.897869348526
21.881067752838135
23.906872987747192
24.17024803161621
24.07231593132019
25.50714111328125
25.380247116088867
26.630057334899902
27.403151512145996
27.9918532371521
30.034375190734863
30.92868733406067
33.230642318725586
30.950266122817993
33.82225251197815
33.3230402469635
34.46952724456787
35.88147807121277
36.90651535987854
36.18147540092468
38.49222683906555
39.342591524124146
38.792542934417725
39.67688250541687
41.51684832572937
40.1856575012207
40.85495924949646
41.2525577545166
41.732717990875244
43.68528914451599
44.43221998214722
43.83712697029114
46.65600109100342
45.49435210227966
48.0567831993103
47.43819975852966
48.48630690574646
49.19619083404541
50.30364918708801
49.89769983291626
50.222830057144165
51.84525728225708
50.33624267578125
50.09410810470581
53.40315771102905
52.10922312736511
52.103612184524536
52.46777558326721
54.39896035194397
54.16497278213501
54.3086040019989
55.3499641418457
55.690850496292114
57.03190207481384
56.80627417564392
58.16964650154114
58.933833599090576
59.12135314941406
59.33198428153992
60.24103593826294
61.243571281433105
61.340622663497925
62.65596294403076
63.19193649291992
65.01613020896912
64.00911211967468
65.27821636199951
70.35850930213928
68.1184663772583
67.21216225624084
68.82773089408875
69.06558966636658
70.32882738113403
70.92411804199219
72.11370491981506
