2.3165171146392822
3.627098560333252
5.36618447303772
5.86360239982605
7.130214214324951
8.781629085540771
9.129621028900146
10.821332693099976
11.93193769454956
12.776926279067993
13.80742597579956
15.611005783081055
15.981412649154663
16.51632308959961
19.386130332946777
20.19327974319458
21.409009218215942
21.83032774925232
22.59831142425537
23.848410606384277
25.464242696762085
26.019693851470947
26.638731718063354
29.20493721961975
29.054467916488647
32.7819619178772
30.599918127059937
32.678889751434326
34.02485918998718
32.91940712928772
36.0369770526886
37.10993003845215
39.00897026062012
38.78659439086914
40.27160668373108
40.15221977233887
40.68636155128479
41.608001470565796
42.963300704956055
44.2896294593811
46.62338185310364
46.41759252548218
47.222718477249146
48.701066970825195
51.29892539978027
50.43003559112549
53.09954810142517
52.92584776878357
53.05559229850769
54.02709650993347
