2.5044844150543213
3.6482276916503906
4.066278457641602
5.584794759750366
6.414819002151489
7.1790337562561035
8.520368576049805
9.209173440933228
11.16738772392273
10.83934473991394
11.783670425415039
13.224355220794678
13.587531328201294
16.28705668449402
17.798175573349
18.910995721817017
20.412181615829468
18.807915449142456
20.088793754577637
21.359906673431396
22.1114399433136
22.481639623641968
21.90881061553955
24.45877170562744
25.100018978118896
25.235286951065063
26.79130721092224
27.182777881622314
27.44395899772644
27.356635332107544
32.487465143203735
32.6761519908905
33.77084136009216
36.16495132446289
33.79967761039734
35.3284957408905
37.074480056762695
33.80331325531006
36.90492486953735
34.65439248085022
35.11613631248474
37.02229022979736
37.08069205284119
39.08994245529175
39.52092003822327
43.660614252090454
44.28452706336975
44.0408661365509
43.71907711029053
42.58339071273804
42.00368118286133
50.531763315200806
54.15624523162842
56.257606983184814
53.27742123603821
58.98618531227112
60.757012605667114
55.32801628112793
51.092479944229126
51.85932207107544
53.05836629867554
56.14366817474365
57.595174074172974
53.994345903396606
54.58900547027588
59.59600830078125
56.04243850708008
60.8759982585907
59.24254369735718
59.41174268722534
58.96322417259216
58.57947134971619
60.12820363044739
60.20951795578003
65.58221983909607
62.58671712875366
63.46531319618225
65.03203916549683
65.92380619049072
65.89901161193848
70.67819929122925
67.35705280303955
71.01495575904846
71.25384974479675
70.6569561958313
70.48548769950867
72.10785031318665
73.23297715187073
70.55583667755127
72.48283243179321
73.42714309692383
74.58074140548706
76.89050674438477
76.03162288665771
78.44607543945312
79.57903742790222
79.90212321281433
75.2437002658844
76.62438321113586
79.28738570213318