2.301929473876953
3.577770948410034
4.891948699951172
6.075335502624512
7.450718879699707
8.923672914505005
10.017483472824097
11.138800621032715
12.056459426879883
13.795362710952759
15.056207180023193
15.811225652694702
16.775031566619873
17.914034128189087
19.854695558547974
20.22838568687439
22.85816764831543
23.92499804496765
24.148521423339844
24.96099877357483
25.87574315071106
27.34606385231018
27.595187187194824
30.228431701660156
30.16284155845642
31.513031482696533
32.496114015579224
32.99557304382324
34.16201114654541
35.61891055107117
36.90772891044617
37.295281648635864
38.33576440811157
39.650280237197876
39.20013880729675
41.68036198616028
46.88421082496643
58.3824667930603
58.16677641868591
55.165401458740234
56.59722328186035
53.357022523880005
55.24024748802185
58.23387813568115
64.80251097679138
65.90205430984497
65.23198366165161
65.99267482757568
66.86667108535767
64.52702021598816
