1.7762291431427002
2.5912787914276123
3.475155830383301
4.202761888504028
5.594253778457642
6.223534822463989
8.273627758026123
8.199981451034546
8.669542074203491
9.287421703338623
10.51950454711914
11.302549123764038
11.44180965423584
12.41292953491211
13.344067811965942
14.241071701049805
14.70432186126709
15.644203186035156
16.197847604751587
17.37798810005188
17.494549036026
18.11866545677185
18.892869472503662
19.6175479888916
20.33512830734253
22.449615240097046
22.167149543762207
22.117916584014893
23.370308876037598
24.289008617401123
25.22793936729431
25.40800905227661
25.93218684196472
26.96960687637329
28.047521114349365
27.788950443267822
29.34525489807129
30.214821100234985
31.584004640579224
31.83075261116028
32.20635414123535
33.11281657218933
33.76387095451355
34.48851656913757
34.33547353744507
35.272870779037476
35.228312730789185
36.24045181274414
37.49419331550598
38.194148540496826
38.470136880874634
38.5857195854187
39.60359334945679
43.049678802490234
41.66327238082886
42.72199892997742
41.74138331413269
41.36986947059631
44.964534759521484
45.3604621887207
47.34241962432861
45.52963423728943
47.68312311172485
47.468836307525635
46.325382232666016
47.70924210548401
48.34214782714844
48.94996476173401
49.47939658164978
53.30538368225098
54.71031355857849
54.30262780189514
53.844890117645264
56.31319212913513
54.52851676940918
56.4735541343689
58.08592486381531
59.237608194351196
62.148749589920044
58.543776512145996
63.91865348815918
64.36984443664551
61.39201021194458
62.030521392822266
65.19895339012146
75.16840362548828
73.13625931739807
74.33987832069397
75.85556173324585
72.354905128479
67.57657647132874
67.8005006313324
69.68092942237854
65.78365755081177
67.10055303573608
67.53029155731201
68.28249025344849
68.73051333427429
70.78477692604065
75.80005836486816