2.115462303161621
3.097111701965332
4.224929332733154
6.2370994091033936
8.379531145095825
9.789635419845581
10.502335548400879
11.642060041427612
12.681349515914917
13.78583574295044
14.945598125457764
16.3840970993042
18.00094747543335
20.985234260559082
21.953702449798584
22.38164973258972
22.995296478271484
23.085954904556274
27.12012529373169
28.6043598651886
29.46766495704651
30.79239583015442
31.448267698287964
32.247941493988037
33.393796682357788
34.449124574661255
35.01726269721985
35.707061290740967
36.182335376739502
38.811957120895386
40.99274516105652
42.34856867790222
43.60163450241089
44.76916861534119
44.847647190093994
45.042760610580444
46.87150049209595
46.87728452682495
48.511789083480835
49.737854957580566
50.14481997489929
51.63051438331604
52.845932722091675
53.38771414756775
55.52035999298096
56.94064784049988
57.23316502571106
58.812421798706055
60.063233852386475
62.179232358932495