2.8147130012512207
3.592820644378662
4.773608207702637
6.175065517425537
7.393688917160034
8.486315727233887
10.29269027709961
10.732128858566284
13.453602313995361
13.059659957885742
14.717573404312134
16.27734065055847
16.94147300720215
18.165675401687622
20.134897232055664
20.65692377090454
22.011566877365112
23.152002334594727
25.061413526535034
24.882795333862305
26.204246520996094
27.418901920318604
27.991036653518677
29.860650539398193
30.528626441955566
31.318586349487305
32.28346538543701
33.38265585899353
34.51678419113159
36.10925483703613
37.229044675827026
38.46098065376282
38.74596619606018
40.09910178184509
42.54751777648926
42.87355303764343
44.59378099441528
44.14981436729431
45.189024209976196
45.64417791366577
47.348999977111816
49.68155002593994
49.48634433746338
51.33534860610962
51.63066840171814
53.03769397735596
55.26281380653381
55.38019275665283
55.83259963989258
57.632745027542114
57.161234855651855
59.547263622283936
62.04280090332031
60.6827130317688
62.84677219390869
64.20056700706482
64.97782158851624
64.99550914764404
67.34491109848022
67.42462038993835
68.07377886772156
69.94627618789673
70.63933277130127
71.49558544158936
72.99396300315857
74.15436434745789
75.72316122055054
76.91665840148926
76.90034127235413
80.28796815872192
80.04440212249756
79.91335225105286
81.52160310745239
81.40082120895386
84.41737341880798
83.985422372818
86.98014187812805
87.20302224159241
88.92912220954895
87.410001039505
90.53459882736206
89.96111369132996
92.73810124397278
93.1718692779541
93.53676176071167
94.30807614326477
95.11615300178528
94.77477884292603
95.73696684837341
98.16334843635559
99.62369203567505
100.74923038482666
101.48826146125793
102.25179171562195
103.29799604415894
105.02949666976929
104.88857007026672
104.80321979522705
106.54367518424988
109.23445343971252
