2.926760196685791
4.804569482803345
6.905096530914307
8.390315771102905
10.462550401687622
12.390236616134644
14.094385623931885
15.689111709594727
17.074519395828247
19.456536531448364
21.571460247039795
22.626566886901855
24.18833351135254
26.116379022598267
27.9460551738739
29.165507316589355
31.9307599067688
33.447585582733154
34.77709770202637
36.383495569229126
38.346604108810425
40.331127643585205
40.877604961395264
44.646156311035156
44.519386768341064
46.51652717590332
47.77727293968201
49.19627833366394
50.857747077941895
52.54943656921387
54.74761343002319
55.207634687423706
57.612579107284546
59.4815571308136
59.31743288040161
61.77755689620972
63.55400776863098
65.60919904708862
68.79249691963196
68.67944574356079
69.99708890914917
71.95891737937927
73.75585508346558
75.06171917915344
77.25719952583313
79.44456195831299
80.44898414611816
80.70859885215759
84.43261361122131
85.52210474014282
