1.8712258338928223
3.0726919174194336
3.027935743331909
4.323720216751099
5.166239500045776
5.676984786987305
6.9117348194122314
7.285998582839966
8.96941328048706
8.559963941574097
9.425297498703003
10.760122299194336
10.95884394645691
11.926081657409668
13.425994157791138
13.523517608642578
14.896998643875122
15.28949761390686
16.580865144729614
15.776573181152344
16.683236360549927
17.269526481628418
18.138813495635986
19.184680461883545
19.07136344909668
18.819242238998413
19.833965063095093
20.562031269073486
21.484959840774536
23.044307470321655
22.507314205169678
23.95863103866577
23.650493383407593
24.355836868286133
26.95749306678772
25.694611072540283
27.302000761032104
26.620315074920654
26.98407554626465
26.882976055145264
27.793713569641113
30.387222051620483
29.88014841079712
30.872129440307617
30.767866611480713
31.096551656723022
32.94708752632141
32.71403121948242
32.6741726398468
34.50223469734192
32.940526485443115
35.52842140197754
37.156848430633545
35.12272238731384
36.47816038131714
37.757367849349976
37.6756534576416
36.96234655380249
39.85128116607666
39.069732904434204
39.35074853897095
40.23287081718445
40.317113161087036
41.59249830245972
42.028443336486816
42.863707542419434
44.17602229118347
44.72305774688721
43.84229850769043
47.26804304122925
46.9393367767334
45.694199085235596
46.733935594558716
46.48791742324829
48.8258957862854
48.28738212585449
50.324896812438965
50.155078172683716
50.80030059814453
49.148043155670166
52.03747582435608
50.9816575050354
53.56942534446716
52.91432309150696
52.44962525367737
52.78701877593994
54.14310097694397
53.18514537811279
53.7413489818573
54.01098299026489
55.70302963256836
56.41759014129639
56.38352346420288
57.27987623214722
57.10906386375427
59.218541383743286
57.57854127883911
57.78119444847107
59.802857637405396
61.31541204452515
