2.0821447372436523
3.0841474533081055
4.326939105987549
5.140696287155151
6.204242944717407
7.379493951797485
8.33673095703125
9.099278211593628
9.774688243865967
11.258485317230225
12.101252794265747
12.696671962738037
13.112587451934814
14.616167545318604
15.75977087020874
16.230002403259277
17.862236261367798
18.542251110076904
18.97758412361145
19.498872756958008
20.725164890289307
21.57041597366333
21.121898651123047
23.90045690536499
23.44134259223938
24.85142159461975
25.27277946472168
25.402264833450317
26.72423815727234
28.13524031639099
28.8255934715271
28.869062423706055
29.556766986846924
30.633997201919556
29.45157527923584
31.85574722290039
33.21989130973816
33.988083839416504
35.967607259750366
34.956454277038574
35.07523226737976
37.5810329914093
37.34234952926636
38.260557413101196
39.472959995269775
40.90209174156189
40.12931990623474
40.07314991950989
43.19770550727844
43.789119720458984
