4.958066701889038
3.246811628341675
3.2589807510375977
4.8359997272491455
5.81294846534729
6.490801811218262
7.702949285507202
8.396557807922363
10.364956855773926
9.50512146949768
10.303623914718628
11.296629905700684
12.124948501586914
12.713026285171509
14.45848298072815
14.129197835922241
15.54976224899292
16.969361305236816
19.052053689956665
17.7725727558136
17.45046830177307
19.043277263641357
19.413261651992798
21.127927541732788
20.674806594848633
20.539788007736206
21.56680703163147
24.05180788040161
23.485208749771118
24.220004558563232
24.176609992980957
27.31325125694275
25.987367391586304
25.257677793502808
26.953102588653564
25.901483297348022
27.290323734283447
26.7574622631073
27.077080965042114
26.912720441818237
27.722864627838135
31.526777982711792
31.00976824760437
31.945767164230347
31.2303626537323
31.16072988510132
32.79496455192566
32.95200753211975
32.869389295578
34.66117763519287
32.926448583602905
35.47721266746521
37.18555521965027
35.291067123413086
36.79882836341858
37.84431600570679
37.02514719963074
36.911272048950195
39.5354437828064
38.7393479347229
39.23975157737732
39.70823907852173
39.79187488555908
41.4872522354126
41.74380660057068
42.781047105789185
44.46510028839111
44.161203145980835
43.09490942955017
46.641934633255005
46.891862630844116
45.427112340927124
46.9726037979126
45.84238529205322
48.82472205162048
47.493460178375244
50.09709429740906
49.96867108345032
50.36808180809021
49.21873235702515
52.12507224082947
51.14782643318176
53.015615701675415
52.536346435546875
52.88067054748535
52.248587131500244
53.5243878364563
52.5434730052948
52.96982955932617
53.73394274711609
55.386425256729126
55.99152398109436
56.236191272735596
57.19325494766235
57.27098107337952
59.109724283218384
57.57790470123291
57.90886878967285
59.2925546169281
61.36416578292847
