2.460665464401245
3.0829386711120605
4.116088390350342
5.097230434417725
6.255266189575195
7.376817464828491
8.248385906219482
9.197928190231323
9.600748777389526
11.002391338348389
12.441852807998657
12.714032411575317
13.192930459976196
14.386990547180176
15.733350992202759
15.68998098373413
17.752445936203003
18.386547327041626
18.79812479019165
19.617956399917603
20.341166496276855
21.626012802124023
21.038302421569824
23.787522554397583
23.31436824798584
24.720948219299316
25.194687843322754
25.49145817756653
26.454864978790283
28.263294458389282
28.771029949188232
29.482890129089355
29.68072533607483
30.922306060791016
29.418455600738525
32.64662766456604
33.022372007369995
34.07888889312744
35.83707571029663
34.99171161651611
34.93831658363342
36.76874041557312
36.874523401260376
38.359474897384644
39.447147369384766
40.546788930892944
40.07285261154175
39.916982650756836
43.24237012863159
43.7805860042572
