2.0759363174438477
3.0171706676483154
4.158542633056641
5.112878084182739
6.493396520614624
7.328700065612793
8.262626886367798
9.56668758392334
9.617261409759521
11.139159202575684
12.170717239379883
13.00424838066101
13.172619819641113
14.443893671035767
15.709832906723022
15.79097604751587
18.22837543487549
18.47616982460022
19.043055057525635
19.427194833755493
20.440894842147827
21.807671546936035
21.157835721969604
23.708256721496582
23.311325311660767
25.01510190963745
25.586715936660767
25.449046850204468
26.53229069709778
28.361016988754272
28.818180561065674
28.89997959136963
29.684600114822388
30.960152864456177
29.920534133911133
32.00818991661072
32.42569589614868
34.077444553375244
36.20488619804382
35.32209587097168
34.98990821838379
36.813048362731934
36.74572539329529
38.15263319015503
39.84061789512634
40.76609754562378
39.88179087638855
40.02866888046265
43.110939025878906
43.35767221450806
