1.9140236377716064
3.1222009658813477
3.0218870639801025
4.355264663696289
5.157220840454102
5.656703948974609
6.714855432510376
7.040144920349121
9.025880098342896
8.597180128097534
9.457632303237915
10.855311632156372
11.087827682495117
11.785692930221558
13.36646056175232
13.53781795501709
14.438432216644287
15.195433616638184
16.597455978393555
15.912779092788696
16.613056659698486
17.348817586898804
17.771965265274048
18.87564444541931
18.90440273284912
18.85589051246643
19.75994896888733
21.11038827896118
21.214397192001343
22.216609954833984
22.711484670639038
23.850029230117798
23.445844888687134
24.917903184890747
26.663228273391724
25.91048574447632
27.02830934524536
27.23168659210205
26.804319143295288
27.010682821273804
27.827407121658325
30.359436750411987
29.637646675109863
30.71614170074463
29.90532350540161
30.7849018573761
32.49300765991211
32.718177795410156
32.84495711326599
34.44657611846924
33.16644096374512
35.76338052749634
37.024123668670654
34.75016188621521
36.50500249862671
37.56949067115784
37.2430374622345
37.248695373535156
39.71452856063843
38.88758182525635
39.610859632492065
39.716647148132324
40.30411648750305
41.155417919158936
41.743221282958984
42.9322772026062
43.75530004501343
44.299248933792114
43.531862020492554
46.9234504699707
46.89469027519226
45.62996315956116
46.23228168487549
46.26430010795593
48.7309672832489
47.88650155067444
50.08927631378174
50.06912088394165
50.808377265930176
49.70474863052368
52.03373432159424
50.953574895858765
53.056402921676636
52.82554340362549
52.42552471160889
52.572168588638306
53.36199426651001
52.58491826057434
53.109588623046875
53.87950897216797
56.0301513671875
57.23487663269043
56.51380109786987
57.28119874000549
57.52303433418274
59.69480586051941
57.53350114822388
57.937867164611816
59.46337080001831
61.047635078430176
